[gd_scene load_steps=11 format=3 uid="uid://c8ylt6pd4vuqk"]

[ext_resource type="PackedScene" uid="uid://b8b7wkkpqn0xf" path="res://assets/models/Warrior.gltf" id="1_4flbx"]
[ext_resource type="PackedScene" uid="uid://c0ct41xoeff1f" path="res://scenes/capture_ball.tscn" id="1_g2els"]

[sub_resource type="CapsuleShape3D" id="CapsuleShape3D_onrkg"]
radius = 0.6
height = 3.0

[sub_resource type="SphereShape3D" id="SphereShape3D_4flbx"]

[sub_resource type="AnimationNodeAnimation" id="AnimationNodeAnimation_onrkg"]
animation = &"Idle"

[sub_resource type="AnimationNodeAnimation" id="AnimationNodeAnimation_i3pqv"]
animation = &"Run"

[sub_resource type="AnimationNodeBlendSpace1D" id="AnimationNodeBlendSpace1D_036b0"]
blend_point_0/node = SubResource("AnimationNodeAnimation_onrkg")
blend_point_0/pos = 0.0
blend_point_1/node = SubResource("AnimationNodeAnimation_i3pqv")
blend_point_1/pos = 1.0

[sub_resource type="AnimationNodeStateMachineTransition" id="AnimationNodeStateMachineTransition_fj7yv"]
advance_mode = 2

[sub_resource type="AnimationNodeStateMachine" id="AnimationNodeStateMachine_hqtel"]
states/Move/node = SubResource("AnimationNodeBlendSpace1D_036b0")
states/Move/position = Vector2(565, 100)
states/Start/position = Vector2(337, 100)
transitions = ["Start", "Move", SubResource("AnimationNodeStateMachineTransition_fj7yv")]

[sub_resource type="BoxShape3D" id="BoxShape3D_qhqgy"]

[node name="Player" type="Player" groups=["player"]]
speed = 10.0
camera_sensitivity = 0.05
visual_node_path = NodePath("Warrior")
camera_arm_path = NodePath("SpringArm3D")
anim_tree_path = NodePath("AnimationTree")
hitbox_path = NodePath("AttackArea")
capture_ball_scene = ExtResource("1_g2els")
collision_mask = 6

[node name="Warrior" parent="." instance=ExtResource("1_4flbx")]

[node name="Skeleton3D" parent="Warrior/CharacterArmature" index="0"]
bones/1/rotation = Quaternion(5.8898786e-06, 0.70295197, 0.7112374, 5.918958e-06)
bones/2/position = Vector3(0.0021530236, 1.1171662, 0.07522926)
bones/2/rotation = Quaternion(-3.5526934e-15, 1.1920933e-07, -8.470341e-22, 1)
bones/4/rotation = Quaternion(0.23118804, 3.1015122e-07, 1.7024259e-07, 0.9729091)
bones/5/rotation = Quaternion(-0.026250968, -8.3204594e-07, -5.8555725e-09, 0.99965537)
bones/6/rotation = Quaternion(-0.036250193, 6.775707e-07, -2.517566e-09, 0.99934274)
bones/7/rotation = Quaternion(-0.0041817827, -0.0002754728, 1.1488502e-06, 0.99999124)
bones/9/rotation = Quaternion(0.73784375, 0.48329628, 0.37921348, -0.2796576)
bones/10/rotation = Quaternion(-0.2479189, 0.21428037, -0.19146097, 0.92518264)
bones/11/rotation = Quaternion(0.019800318, 0.017442655, -0.0085220495, 0.9996155)
bones/12/rotation = Quaternion(-0.06264131, -0.018810429, -0.001180835, 0.99785817)
bones/13/rotation = Quaternion(-0.14578031, 3.0886195e-08, 3.539991e-08, 0.989317)
bones/14/rotation = Quaternion(-0.17105748, 0.08374462, -0.43297887, 0.8810536)
bones/15/rotation = Quaternion(-0.07893174, -0.2979136, 0.14166276, 0.94071734)
bones/17/rotation = Quaternion(0.70994866, -0.50687313, -0.38256195, -0.30446503)
bones/18/rotation = Quaternion(-0.24361049, -0.21794444, 0.19049166, 0.92567116)
bones/19/rotation = Quaternion(0.01980032, -0.017442642, 0.008522035, 0.9996155)
bones/20/rotation = Quaternion(-0.06264138, 0.01881043, 0.0011808302, 0.99785817)
bones/21/rotation = Quaternion(-0.74059683, -0.032689344, 0.058509063, 0.6685989)
bones/23/rotation = Quaternion(-0.17105757, -0.08374459, 0.43297896, 0.88105357)
bones/24/rotation = Quaternion(-0.07893175, 0.29791364, -0.14166285, 0.9407172)
bones/25/rotation = Quaternion(0.9947108, 0.008532875, -0.00087956764, 0.10235711)
bones/26/rotation = Quaternion(0.21664399, 0.0022121617, 0.007782129, 0.9762172)
bones/27/rotation = Quaternion(0.9947235, -0.008533187, 0.00088128773, 0.102232575)
bones/28/rotation = Quaternion(0.21665604, -0.0022122439, -0.0077821044, 0.9762146)
bones/29/rotation = Quaternion(-3.5526934e-15, 1.1920937e-07, -8.470344e-22, 1)
bones/30/rotation = Quaternion(-6.143804e-06, 0.70295197, 0.7112374, -5.5837636e-06)
bones/31/rotation = Quaternion(-3.552734e-15, -5.9604645e-07, 3.3881257e-21, 1)

[node name="Head" parent="Warrior/CharacterArmature/Skeleton3D" index="0"]
transform = Transform3D(0.99999976, 1.020517e-11, -0.000550203, -5.709542e-05, 0.99460137, -0.10377153, 0.0005472326, 0.10377158, 0.99460113, -0.00063837686, 2.0959427, 0.08092582)

[node name="UpperArm_L" parent="Warrior/CharacterArmature/Skeleton3D" index="1"]
transform = Transform3D(0.5383948, 0.32739282, 0.77649504, 0.052248828, -0.9326416, 0.35700145, 0.8410715, -0.15163681, -0.51923543, 0.31953597, 1.839699, 0.043003142)

[node name="Weapon_R" parent="Warrior/CharacterArmature/Skeleton3D" index="2"]
transform = Transform3D(-0.01158949, 0.05111667, -0.9986256, -0.366452, -0.9294277, -0.043321643, -0.93036485, 0.36544612, 0.029503597, -0.503743, 0.9553366, 0.16333108)

[node name="UpperArm_R" parent="Warrior/CharacterArmature/Skeleton3D" index="3"]
transform = Transform3D(0.49345502, -0.40231973, -0.7711297, -0.07907308, -0.90366834, 0.42086914, -0.8661696, -0.1467043, -0.47773218, -0.3195362, 1.839699, 0.043003116)

[node name="CollisionShape3D" type="CollisionShape3D" parent="."]
transform = Transform3D(1, 0, 0, 0, 1, 0, 0, 0, 1, 0, 1.5, 0)
shape = SubResource("CapsuleShape3D_onrkg")

[node name="SpringArm3D" type="SpringArm3D" parent="."]
transform = Transform3D(1, 0, 0, 0, 0.8660254, 0.5, 0, -0.5, 0.8660254, 0, 1.5, 0)
shape = SubResource("SphereShape3D_4flbx")
spring_length = 5.0

[node name="Camera3D" type="Camera3D" parent="SpringArm3D"]
transform = Transform3D(1, 0, 0, 0, 1, 0, 0, 0, 1, 0, 0, 5)

[node name="AnimationTree" type="AnimationTree" parent="."]
root_node = NodePath("../Warrior")
tree_root = SubResource("AnimationNodeStateMachine_hqtel")
anim_player = NodePath("../Warrior/AnimationPlayer")
parameters/Move/blend_position = 0.0

[node name="AttackArea" type="Area3D" parent="."]
collision_layer = 0
collision_mask = 2

[node name="CollisionShape3D" type="CollisionShape3D" parent="AttackArea"]
transform = Transform3D(1, 0, 0, 0, 1, 0, 0, 0, 1, 0, 1.5, 1)
shape = SubResource("BoxShape3D_qhqgy")

[editable path="Warrior"]
